{
    "intrinsic_parameters": {
        "focal_length": [
            956.6371790485458,
            957.5513954378681
        ],
        "skew": 0.0,
        "principal_point": [
            369.0548800881497,
            651.4141915180676
        ]
    },
    "extrinsic_parameters": [
        {
            "image_id": 1,
            "rotation_matrix": [
                [
                    0.9969984716073682,
                    0.01387206059406559,
                    -0.07616832377994477
                ],
                [
                    -0.025115354154223366,
                    0.988562698076327,
                    -0.1487044416208228
                ],
                [
                    0.07323432663908273,
                    0.15017109544425428,
                    0.985943900784823
                ]
            ],
            "translation_vector": [
                -3.938295164306197,
                -3.617162829386418,
                14.659111357236998
            ]
        },
        {
            "image_id": 2,
            "rotation_matrix": [
                [
                    0.9982833293027711,
                    0.05391999286629381,
                    -0.02286982303110211
                ],
                [
                    -0.050690182241520755,
                    0.9910078713356909,
                    0.1238301432407483
                ],
                [
                    0.02934109508004973,
                    -0.12245829216513536,
                    0.9920398514270996
                ]
            ],
            "translation_vector": [
                -4.371303012721214,
                -1.4596251596177978,
                15.813773428634619
            ]
        },
        {
            "image_id": 3,
            "rotation_matrix": [
                [
                    0.9172613443544508,
                    -0.003588548682743331,
                    -0.39826969313697114
                ],
                [
                    -0.07743035180507105,
                    0.9792740486767737,
                    -0.18715469058386652
                ],
                [
                    0.390686788581862,
                    0.20250792554009206,
                    0.8979723677937089
                ]
            ],
            "translation_vector": [
                -2.251729266333236,
                -4.8365956731744495,
                15.574468014062964
            ]
        },
        {
            "image_id": 4,
            "rotation_matrix": [
                [
                    0.917369397711804,
                    -0.1960012604688921,
                    -0.34643454509688765
                ],
                [
                    -0.01803988576743941,
                    0.8489900529043222,
                    -0.5281007977564642
                ],
                [
                    0.3976279047845859,
                    0.49071315038841345,
                    0.7753016531470177
                ]
            ],
            "translation_vector": [
                -2.7016367842168907,
                -4.098825611666377,
                14.663860934647488
            ]
        },
        {
            "image_id": 5,
            "rotation_matrix": [
                [
                    0.9306024197857087,
                    -0.07528469152176918,
                    0.35820573908224257
                ],
                [
                    -0.0795193632701444,
                    0.9136648225933949,
                    0.3986141778969873
                ],
                [
                    -0.35728952846969136,
                    -0.39943561080335876,
                    0.8442721040446932
                ]
            ],
            "translation_vector": [
                -3.0048856566408464,
                -2.0944107586774274,
                20.437824014552877
            ]
        },
        {
            "image_id": 6,
            "rotation_matrix": [
                [
                    0.9878516656613274,
                    0.14867539425861317,
                    0.04521851160959354
                ],
                [
                    -0.12616745874483828,
                    0.9372000907048278,
                    -0.3251734342419936
                ],
                [
                    -0.090724081720404,
                    0.3155180139467611,
                    0.9445726673322073
                ]
            ],
            "translation_vector": [
                -4.041921864040568,
                -2.285300685018746,
                16.690404168805458
            ]
        },
        {
            "image_id": 7,
            "rotation_matrix": [
                [
                    0.9911615843007622,
                    0.035618595541124114,
                    -0.12778900366651633
                ],
                [
                    -0.09617688016539164,
                    0.8564069090475461,
                    -0.5072644417434362
                ],
                [
                    0.0913713386574532,
                    0.5150713754299552,
                    0.8522633141727027
                ]
            ],
            "translation_vector": [
                -3.8669682146710773,
                -3.3138593826100693,
                16.511989566303356
            ]
        },
        {
            "image_id": 8,
            "rotation_matrix": [
                [
                    0.9970109559624408,
                    -0.02798631508802788,
                    0.07201333111760241
                ],
                [
                    0.011707251295852266,
                    0.9760492829934224,
                    0.2172342915727663
                ],
                [
                    -0.07636814753518373,
                    -0.21574189054474213,
                    0.9734594715273075
                ]
            ],
            "translation_vector": [
                -3.273682648342098,
                0.046139100038155134,
                19.139106583568264
            ]
        },
        {
            "image_id": 9,
            "rotation_matrix": [
                [
                    0.9954348958663437,
                    0.001546998394814354,
                    -0.09543047148331604
                ],
                [
                    0.017382883776297535,
                    0.9802070111442399,
                    0.19721067581471247
                ],
                [
                    0.09384670182367244,
                    -0.1979692453378613,
                    0.9757053727725272
                ]
            ],
            "translation_vector": [
                -2.8819931347688956,
                -0.6519172778984876,
                18.137437501443543
            ]
        },
        {
            "image_id": 10,
            "rotation_matrix": [
                [
                    0.9892467843725997,
                    -0.007156846745747173,
                    -0.14608072820577322
                ],
                [
                    0.018121359586860945,
                    0.9971035302902296,
                    0.07386586633543811
                ],
                [
                    0.1451289631162394,
                    -0.07571875215175573,
                    0.9865111528195645
                ]
            ],
            "translation_vector": [
                -1.8035626611323987,
                -1.5098717610815988,
                17.842398718038485
            ]
        },
        {
            "image_id": 11,
            "rotation_matrix": [
                [
                    0.9941755019674152,
                    -0.0029257618580982026,
                    -0.1077335194142828
                ],
                [
                    -0.0064336286731031984,
                    0.99623755345854,
                    -0.08642537533062356
                ],
                [
                    0.10758103787347739,
                    0.086615108361603,
                    0.9904161465230528
                ]
            ],
            "translation_vector": [
                -3.5112636023148553,
                -1.9661175642465745,
                12.674839536527974
            ]
        },
        {
            "image_id": 12,
            "rotation_matrix": [
                [
                    0.8905215986087054,
                    -0.24194978844706896,
                    -0.3852681952637854
                ],
                [
                    0.12245551492761927,
                    0.9430773715699053,
                    -0.3092082115607705
                ],
                [
                    0.4381505783120768,
                    0.22817837562577478,
                    0.8694588544730426
                ]
            ],
            "translation_vector": [
                -1.4977163021317526,
                -0.6579188795572956,
                13.91817045228241
            ]
        },
        {
            "image_id": 13,
            "rotation_matrix": [
                [
                    0.9907025110585632,
                    -0.012051258648211735,
                    -0.13551126059206733
                ],
                [
                    -0.0024022739295959834,
                    0.994363949799904,
                    -0.10599322817190367
                ],
                [
                    0.13602486413235068,
                    0.10533329247359523,
                    0.9850899115484065
                ]
            ],
            "translation_vector": [
                -3.2638311196856833,
                -0.9502041299254709,
                16.243664873645695
            ]
        },
        {
            "image_id": 14,
            "rotation_matrix": [
                [
                    0.8915228847016925,
                    0.4423283190122665,
                    -0.09763505647540381
                ],
                [
                    -0.4513366276085709,
                    0.8490980343551844,
                    -0.27445906185273655
                ],
                [
                    -0.03849928092958187,
                    0.2887528116814531,
                    0.9566293007816353
                ]
            ],
            "translation_vector": [
                -4.034101324465662,
                -2.0868722160653763,
                15.13137576742104
            ]
        },
        {
            "image_id": 15,
            "rotation_matrix": [
                [
                    0.9215920254922941,
                    -0.1442783939576216,
                    -0.3603496684971697
                ],
                [
                    0.16156376571665376,
                    0.9866955259247938,
                    0.018140802833636414
                ],
                [
                    0.35293807977670105,
                    -0.07493786864465793,
                    0.9326408889205593
                ]
            ],
            "translation_vector": [
                -1.1538526088392793,
                -3.869099783753974,
                15.166167368434857
            ]
        },
        {
            "image_id": 16,
            "rotation_matrix": [
                [
                    0.954278107971891,
                    -0.2495247753717039,
                    -0.1645924637439045
                ],
                [
                    0.17666945761692818,
                    0.9149653179302015,
                    -0.3628034863810236
                ],
                [
                    0.24112485436165268,
                    0.31713696325181945,
                    0.9172147791812373
                ]
            ],
            "translation_vector": [
                -3.0789108673495793,
                -4.329708388576341,
                13.39438803131392
            ]
        },
        {
            "image_id": 17,
            "rotation_matrix": [
                [
                    0.999238101027438,
                    -0.01584383466438395,
                    0.035667777589963846
                ],
                [
                    0.019701551684410457,
                    0.9936757919745357,
                    -0.11054532692522857
                ],
                [
                    -0.03369074526195532,
                    0.11116381311787944,
                    0.9932308595370903
                ]
            ],
            "translation_vector": [
                -3.2478058806741514,
                -4.247558747204242,
                16.556877561833215
            ]
        },
        {
            "image_id": 18,
            "rotation_matrix": [
                [
                    0.9724728577899118,
                    -0.06674730179858405,
                    -0.22325173809968638
                ],
                [
                    0.08391430295662934,
                    0.9941292592965596,
                    0.06830377419862486
                ],
                [
                    0.21738199240329278,
                    -0.08515758047926468,
                    0.9723647751053575
                ]
            ],
            "translation_vector": [
                -2.5948058130150105,
                -3.5926930863727113,
                16.49801602170755
            ]
        },
        {
            "image_id": 19,
            "rotation_matrix": [
                [
                    0.962396785356498,
                    -0.011542213080203003,
                    -0.27140229338141175
                ],
                [
                    -0.015179268759859147,
                    0.9952509129280449,
                    -0.09615201566170732
                ],
                [
                    0.27122318731147355,
                    0.09665607913165337,
                    0.9576510768706423
                ]
            ],
            "translation_vector": [
                -2.904691181877595,
                -3.038811112336205,
                14.474268685207731
            ]
        },
        {
            "image_id": 20,
            "rotation_matrix": [
                [
                    0.984924563379848,
                    0.049278563689637886,
                    -0.16581684960130583
                ],
                [
                    -0.0224167577759511,
                    0.9868422411308048,
                    0.16012457678552933
                ],
                [
                    0.17152578063320428,
                    -0.15399355272418663,
                    0.9730698290963259
                ]
            ],
            "translation_vector": [
                -3.383150858506974,
                -2.445516470182636,
                17.24608225247892
            ]
        },
        {
            "image_id": 21,
            "rotation_matrix": [
                [
                    0.9026368631771536,
                    0.1653494932605117,
                    -0.39737417922180157
                ],
                [
                    -0.09497642071250659,
                    0.9770224945579913,
                    0.19080493871050813
                ],
                [
                    0.41979301178360445,
                    -0.13448639413030528,
                    0.897600822777853
                ]
            ],
            "translation_vector": [
                -2.4143593168557054,
                -2.35919406881488,
                15.213702917577752
            ]
        },
        {
            "image_id": 22,
            "rotation_matrix": [
                [
                    0.9963963765410291,
                    0.01612020336751681,
                    -0.08327304401364018
                ],
                [
                    -0.026698518821867898,
                    0.9914757643390363,
                    -0.12752645929783413
                ],
                [
                    0.08050745250364168,
                    0.12929016889042133,
                    0.9883332445686831
                ]
            ],
            "translation_vector": [
                -3.3697808727272816,
                -0.9612586112604194,
                13.955539748273173
            ]
        },
        {
            "image_id": 23,
            "rotation_matrix": [
                [
                    0.9945032286679818,
                    -0.01800583847709289,
                    -0.10314610002174933
                ],
                [
                    -0.02508535214995143,
                    0.9154406463464473,
                    -0.40167044716323314
                ],
                [
                    0.10165654566466835,
                    0.402050012806287,
                    0.9099569956464929
                ]
            ],
            "translation_vector": [
                -3.462694075445878,
                -2.338225112075914,
                12.231307450036473
            ]
        },
        {
            "image_id": 24,
            "rotation_matrix": [
                [
                    0.9804388263637263,
                    0.05574203553065486,
                    0.18876581584974073
                ],
                [
                    -0.04389758004239684,
                    0.9968296777084671,
                    -0.06635959694011785
                ],
                [
                    -0.19186638638630887,
                    0.05677516283140672,
                    0.9797774597634541
                ]
            ],
            "translation_vector": [
                -4.204411048412229,
                -3.711280658920735,
                16.347039620773696
            ]
        },
        {
            "image_id": 25,
            "rotation_matrix": [
                [
                    0.8475277124711591,
                    -0.2739888088657837,
                    0.4545623270902607
                ],
                [
                    0.08054612607101387,
                    0.9129283352108295,
                    0.4000927096863121
                ],
                [
                    -0.5246037534829087,
                    -0.3024764245118821,
                    0.7958008007322882
                ]
            ],
            "translation_vector": [
                -2.7999820862817755,
                -3.479154867747532,
                21.795391525655212
            ]
        }
    ],
    "radial_distortion_coefficients": [
        0.1976367477881929,
        -0.7068638891845499,
        0.0487725372888478
    ],
    "reprojection_errors": {
        "mean_error": 0.4163703468310026,
        "std_dev": 0.29289255175196754
    }
}